104 104 992
1 1  4.5988460064935e-01
2 1  3.6284044982049e-02
5 1  1.0781816562027e+00
6 1  2.8797109621776e-02
55 1 -8.6315697399926e-03
56 1  1.0598980317711e-04
1 2  1.8698118212961e-01
2 2  4.7481454523109e+00
5 2  2.2001171666844e-02
6 2  8.1313679409364e-01
55 2 -2.3190154404290e+00
56 2 -7.5709342670290e-02
3 3  4.6815514313159e+00
4 3  2.2261358890738e-01
7 3  8.0358449074856e-01
8 3  7.5293078385716e-03
53 3 -1.2738040883722e-01
54 3 -2.6168329561089e+00
3 4 -2.4700304695514e-02
4 4  4.4020096423400e-01
7 4 -1.2549445696247e-02
8 4  1.0782397805232e+00
53 4 -1.0598980317711e-04
54 4 -8.8883786826952e-03
1 5  1.8395384025974e-01
2 5  1.4513617992820e-02
5 5  8.4384168840243e-01
6 5  1.8234827656944e-02
9 5  6.7430513878428e-01
10 5  2.8168524257619e-03
55 5 -3.4526278959970e-03
56 5  4.2395921270845e-05
59 5 -2.6144019929925e-04
60 5  4.9399908073977e-06
1 6  1.0402402590929e-02
2 6  2.1588012098402e-01
5 6  1.7294993780612e-02
6 6  8.3879967046387e-01
9 6  2.5539073404755e-03
10 6  6.0571368295214e-01
55 6 -3.8012341141813e-01
56 6  1.5730912115184e-03
59 6 -3.8002271636073e-01
60 6  1.3289122949327e-03
3 7  1.8493001687153e-01
4 7  6.8851100527837e-03
7 7  8.2531630111003e-01
8 7  6.7390334051374e-03
11 7  6.0157344087986e-01
12 7 -5.1671137539566e-03
53 7 -6.4457166223614e-03
54 7 -3.8166130259086e-01
57 7 -4.2692041855390e-03
58 7 -3.8594331246849e-01
3 8 -9.8801218782055e-03
4 8  1.7608038569360e-01
7 8 -7.3322178425852e-03
8 8  8.3905644544852e-01
11 8  4.7737002078368e-03
12 8  6.7494718348953e-01
53 8 -4.2395921270845e-05
54 8 -3.5553514730781e-03
57 8 -4.9399908073977e-06
58 8 -2.9638092354639e-03
5 9  2.3575372909792e-01
6 9  3.8377050332765e-03
9 9  7.5549652186328e-01
10 9  2.5510722103025e-03
13 9  5.2968044318477e-01
14 9  6.9287493157527e-04
59 9 -1.4939439959957e-04
60 9  2.8228518899415e-06
63 9  4.2057871488933e-08
64 9 -7.8970591237829e-10
5 10  3.4100227974803e-03
6 10  2.1746021423725e-01
9 10  2.4057977720358e-03
10 10  7.1976952072191e-01
13 10  6.4374675428532e-04
14 10  5.0135105691656e-01
59 10 -1.4255131759243e-01
60 10  2.0189103323697e-03
63 10 -1.5266842158502e-01
64 10  1.8322638654162e-03
7 11  2.1214403181634e-01
8 11  6.7394457585168e-04
11 11  7.1360970092572e-01
12 11 -5.6703419816297e-03
15 11  4.9768831796643e-01
16 11 -8.5816149807035e-03
57 11 -3.8995978890083e-04
58 11 -1.4295081329213e-01
61 11 -2.3307872932522e-04
62 11 -1.5363120710530e-01
7 12 -1.3213940366208e-03
8 12  2.3300601899386e-01
11 12  5.2983054522591e-03
12 12  7.5526221596436e-01
15 12  8.7442570000576e-03
16 12  5.3015095394196e-01
57 12 -2.8228518899415e-06
58 12 -1.6936052774080e-03
61 12  7.8970591237829e-10
62 12 -1.2477787031954e-03
9 13  2.4678619980055e-01
10 13  6.2762816848287e-04
13 13  6.9202966697473e-01
14 13  1.0632854518843e-03
17 13  4.4677995710015e-01
18 13  1.1882113584833e-03
63 13  2.8038580992622e-08
64 13 -5.2647060825219e-10
67 13 -1.6714808523424e-05
68 13  2.7931063899951e-07
9 14  5.8312999932855e-04
10 14  2.3447680500949e-01
13 14  1.0150861811653e-03
14 14  6.6972661159643e-01
17 14  1.1377369695974e-03
18 14  4.3275214864408e-01
63 14 -7.5594702448540e-02
64 14  1.3560020191713e-03
67 14 -7.9684374272218e-02
68 14  1.2445359057647e-03
11 15  2.3196700058621e-01
12 15 -1.8903097646331e-03
15 15  6.6513530952566e-01
16 15 -1.0657875038297e-02
19 15  4.2995539268632e-01
20 15 -8.9969710613145e-03
61 15 -4.3598310415430e-05
62 15 -7.5835350809005e-02
65 15 -9.7433936648183e-05
66 15 -7.9978318615726e-02
11 16  1.7136511747111e-03
12 16  2.4638540740880e-01
15 16  1.0759378908637e-02
16 16  6.9296049998880e-01
19 16  9.2175217763566e-03
20 16  4.4749358241746e-01
61 16  5.2647060825219e-10
62 16 -8.3185246879695e-04
65 16 -2.7931063899951e-07
66 16 -5.9425281476602e-04
13 17  2.4647954292234e-01
14 17  4.3735914969751e-04
17 17  6.3676859034830e-01
18 17  1.7065916906976e-03
21 17  3.9071152594086e-01
22 17  1.2800930831368e-03
67 17 -1.2156224380672e-05
68 17  2.0313501018146e-07
71 17 -1.0985786112935e-05
72 17  1.4891306104453e-07
13 18  4.2062443142513e-04
14 18  2.3927995953790e-01
17 18  1.6504061126426e-03
18 18  6.2351207660621e-01
21 18  1.2405003032587e-03
22 18  3.8261780145561e-01
67 18 -4.5749739473086e-02
68 18  8.5004802715789e-04
71 18 -4.7366356353883e-02
72 18  7.5164816556474e-04
15 19  2.3772750228954e-01
16 19 -3.5710795038566e-03
19 19  6.1993175700734e-01
20 19 -1.1960509760578e-02
23 19  3.8045259650675e-01
24 19 -7.8213773180160e-03
65 19 -6.6902218834609e-05
66 19 -4.5882495539422e-02
69 19 -8.2282262648689e-05
70 19 -4.7498918776757e-02
15 20  3.5853630850414e-03
16 20  2.4692838595939e-01
19 20  1.2184714170918e-02
20 20  6.3816156520677e-01
23 20  7.9892823332749e-03
24 20  3.9142029347968e-01
65 20 -2.0313501018146e-07
66 20 -4.3218386528438e-04
69 20 -1.4891306104453e-07
70 20 -2.9144613789134e-04
17 21  2.3987516342868e-01
18 21  6.4802921187460e-04
21 21  5.9041819356783e-01
22 21  1.8815196434690e-03
25 21  3.5189242040635e-01
26 21  1.0318748273021e-03
71 21 -8.4506047022574e-06
72 21  1.1454850849580e-07
75 21 -4.6333693641923e-06
76 21  4.5603048792369e-08
17 22  6.2866529034752e-04
18 22  2.3560325096907e-01
21 22  1.8331629008752e-03
22 22  5.8183723804965e-01
25 22  1.0074994689044e-03
26 22  3.4649366100928e-01
71 22 -2.9934953658167e-02
72 22  5.0244569078310e-04
75 22 -3.0786706566296e-02
76 22  4.2175297647656e-04
19 23  2.3441825803368e-01
20 23 -4.1480298514827e-03
23 23  5.7889845831079e-01
24 23 -1.0822510440173e-02
27 23  3.4481116999647e-01
28 23 -6.0050064301253e-03
69 23 -5.3418809110626e-05
70 23 -3.0012507404000e-02
73 23 -5.6841183555970e-05
74 23 -3.0861530709017e-02
19 24  4.2162015153317e-03
20 24  2.4054745160383e-01
23 24  1.1018412871589e-02
24 24  5.9169328680749e-01
27 24  6.1106426925303e-03
28 24  3.5243224819931e-01
69 24 -1.1454850849580e-07
70 24 -2.2418933683950e-04
73 24 -4.5603048792369e-08
74 24 -1.3944980289177e-04
21 25  2.3189669273682e-01
22 25  7.1746612515252e-04
25 25  5.5527179147427e-01
26 25  1.5865812662967e-03
29 25  3.2549932936988e-01
30 25  7.0730173334553e-04
75 25 -3.7066954913538e-06
76 25  3.6482439033895e-08
79 25 -1.7393439469150e-06
80 25  1.0978574682890e-08
21 26  7.0046216515309e-04
22 26  2.2910463568388e-01
25 26  1.5546326088891e-03
26 26  5.4900115010677e-01
29 26  6.9442392170213e-04
30 26  3.2147825174971e-01
75 26 -2.0856566494012e-02
76 26  2.7918574006296e-04
79 26 -2.1482484870226e-02
80 26  2.2406622760299e-04
23 27  2.2808798537040e-01
24 27 -3.8336186547178e-03
27 27  5.4657947031930e-01
28 27 -8.5564295328202e-03
31 27  3.2018950568121e-01
32 27 -4.1759466404702e-03
73 27 -3.2168077088846e-05
74 27 -2.0903595178664e-02
77 27 -3.4062803858744e-05
78 27 -2.1528507220347e-02
23 28  3.8982488614096e-03
24 28  2.3248060268926e-01
27 28  8.6892707521071e-03
28 28  5.5618386238466e-01
31 28  4.2351039349462e-03
32 28  3.2584065212347e-01
73 28 -3.6482439033895e-08
74 28 -1.1155984231342e-04
77 28 -1.0978574682890e-08
78 28 -6.3132572616859e-05
25 29  2.2544764541698e-01
26 29  6.2677292131587e-04
29 29  5.3103644976486e-01
30 29  1.1375737682904e-03
33 29  3.0798165685374e-01
34 29  4.4035455791359e-04
79 29 -1.4324008974594e-06
80 29  9.0411791506156e-09
83 29 -8.3085166741295e-07
84 29  2.9544301803503e-09
25 30  6.1520342938767e-04
26 30  2.2336154795914e-01
29 30  1.1197479881634e-03
30 30  5.2597274233637e-01
33 30  4.3421668023621e-04
34 30  3.0477488415263e-01
79 30 -1.5345667448663e-02
80 30  1.4561575516828e-04
83 30 -1.5877421032905e-02
84 30  1.1384554939679e-04
27 31  2.2247656919020e-01
28 31 -3.0844247185153e-03
31 31  5.2401020691450e-01
32 31 -6.1133607832682e-03
35 31  3.0381379514413e-01
36 31 -2.6631536374567e-03
77 31 -1.7125385776826e-05
78 31 -1.5374539265374e-02
81 31 -1.8783875520155e-05
82 31 -1.5906744019166e-02
27 32  3.1300348454800e-03
28 32  2.2584311138547e-01
31 32  6.1917981905243e-03
32 32  5.3155613671722e-01
35 32  2.6935849302242e-03
36 32  3.0815474708514e-01
77 32 -9.0411791506156e-09
78 32 -5.1991530390355e-05
81 32 -2.9544301803503e-09
82 32 -2.6545421536997e-05
29 33  2.2145530822659e-01
30 33  4.6744420032690e-04
33 33  5.1569129447546e-01
34 33  7.3271166408443e-04
37 33  2.9653864708053e-01
38 33  2.5667319884894e-04
83 33 -6.9966456203196e-07
84 33  2.4879412045055e-09
87 33 -5.4163781538663e-07
88 33  9.5227201475591e-10
29 34  4.6079194166687e-04
30 34  2.1970390220207e-01
33 34  7.2384957123701e-04
34 34  5.1135150223575e-01
37 34  2.5396294502454e-04
38 34  2.9388236329036e-01
83 34 -1.1822029382678e-02
84 34  7.1295409726001e-05
87 34 -1.2280546281402e-02
88 34  5.5598649023020e-05
31 35  2.1894538873738e-01
32 35 -2.2492836381962e-03
35 35  5.0980976573054e-01
36 35 -4.0104302197119e-03
39 35  2.9319285190266e-01
40 35 -1.5678174678125e-03
81 35 -8.7190287012836e-06
82 35 -1.1839663839913e-02
85 35 -9.7507446950303e-06
86 35 -1.2299278522485e-02
31 36  2.2771078216553e-03
32 36  2.2165623254311e-01
35 36  4.0526423115915e-03
36 36  5.1589122587458e-01
39 36  1.5824652996959e-03
40 36  2.9659338990488e-01
81 36 -2.4879412045055e-09
82 36 -2.2354039189050e-05
85 36 -9.5227201475591e-10
86 36 -1.0233188983263e-05
33 37  2.1971856024243e-01
34 37  3.1018866275128e-04
37 37  5.0673369992950e-01
38 37  4.3471479836047e-04
41 37  2.8905332811471e-01
42 37  1.4130733365797e-04
87 37 -4.6426098461711e-07
88 37  8.1623315550506e-10
91 37 -3.6364226693623e-07
92 37  2.7728692428155e-10
33 38  3.0679126095643e-04
34 38  2.1814269365626e-01
37 38  4.3067180113226e-04
38 38  5.0291186697722e-01
41 38  1.4018095929285e-04
42 38  2.8680668015652e-01
87 38 -9.4493437129907e-03
88 38  3.2801949364031e-05
91 38 -9.8361885733271e-03
92 38  2.6118183179857e-05
35 39  2.1751510677288e-01
36 39 -1.5139653876341e-03
39 39  5.0175650814944e-01
40 39 -2.4328009390762e-03
43 39  2.8633706470092e-01
44 39 -8.5492100591269e-04
85 39 -4.3667951284227e-06
86 39 -9.4598920992247e-03
89 39 -4.7745593506282e-06
90 39 -9.8478330215663e-03
35 40  1.5294516557887e-03
36 40  2.1976499270322e-01
39 40  2.4539841739978e-03
40 40  5.0672461649507e-01
43 40  8.6158277029967e-04
44 40  2.8904073839937e-01
85 40 -8.1623315550506e-10
86 40 -8.7713048427968e-06
89 40 -2.7728692428155e-10
90 40 -3.5775530527047e-06
37 41  2.1961540584140e-01
38 41  1.8670365160617e-04
41 41  5.0192370080848e-01
42 41  2.3989178987928e-04
45 41  2.8403356396596e-01
46 41  7.3367946277109e-05
91 41 -3.1621066690107e-07
92 41  2.4111906459265e-10
95 41 -2.1534119964300e-07
96 41  6.2301714617770e-11
37 42  1.8511750508090e-04
38 42  2.1815997645553e-01
41 42  2.3816724433893e-04
42 42  4.9852876482312e-01
45 42  7.2921835773682e-05
46 42  2.8211044558304e-01
91 42 -7.7702499786532e-03
92 42  1.4202812793048e-05
95 42 -8.0895946542164e-03
96 42  1.1768193877007e-05
39 43  2.1766931939178e-01
40 43 -9.4637581351103e-04
43 43  4.9771605204206e-01
44 43 -1.3679301026312e-03
47 43  2.8181074757743e-01
48 43 -4.3280767256845e-04
89 43 -2.1361850302475e-06
90 43 -7.7763304026465e-03
93 43 -2.1967250738952e-06
94 43 -8.0964674211330e-03
39 44  9.5442203972787e-04
40 44  2.1956670509766e-01
43 44  1.3779401544258e-03
44 44  5.0181411512096e-01
47 44  4.3568024249065e-04
48 44  2.8399486705575e-01
89 44 -2.4111906459265e-10
90 44 -3.1109156980041e-06
93 44 -6.2301714617770e-11
94 44 -1.1218887764059e-06
41 45  2.2050422302369e-01
42 45  1.0297394585984e-04
45 45  4.9957551513097e-01
46 45  1.2361670365311e-04
49 45  2.8050354315170e-01
50 45  3.5835861086271e-05
95 45 -1.8950025568584e-07
96 45  5.4825508863637e-11
99 45 -1.1012258869010e-07
100 45  1.0488374852251e-11
41 46  1.0228352847148e-04
42 46  2.1915898830823e-01
45 46  1.2291866047594e-04
46 46  4.9655902587259e-01
49 46  3.5665500714429e-05
50 46  2.7884495838842e-01
95 46 -6.5281906605853e-03
96 46  5.8008876592104e-06
99 46 -6.7884820587624e-03
100 46  5.0621961915036e-06
43 47  2.1880319451569e-01
44 47 -5.4935903882309e-04
47 47  4.9602922231275e-01
48 47 -7.1351946471082e-04
51 47  2.7866741744919e-01
52 47 -2.0406520396211e-04
93 47 -1.0000272360746e-06
94 47 -6.5315168439130e-03
97 47 -9.4849213382030e-07
98 47 -6.7922719973344e-03
43 48  5.5328921601324e-04
44 48  2.2041742148779e-01
47 48  7.1798382739372e-04
48 48  4.9944581619931e-01
51 48  2.0524035286781e-04
52 48  2.8046427014388e-01
93 48 -5.4825508863637e-11
94 48 -9.8726212323719e-07
97 48 -1.0488374852251e-11
98 48 -3.1111350168564e-07
45 49  2.2188975896971e-01
46 49  5.2491476381558e-05
49 49  4.9857050763739e-01
50 49  5.9721263527585e-05
99 49 -9.7886745502310e-08
100 49  9.3229998686672e-12
103 49 -4.9489822597356e-08
104 49  1.3187947340210e-12
45 50  5.2206838674719e-05
46 50  2.2065798518881e-01
49 50  5.9449608214468e-05
50 50  4.9589610648965e-01
99 50 -5.5751903916322e-03
100 50  2.2433899745373e-06
103 50 -5.7866035714781e-03
104 50  2.0710077006419e-06
47 51  2.2042149455127e-01
48 51 -2.9560479066662e-04
51 51  4.9557825846112e-01
52 51 -3.4585716476459e-04
97 51 -4.4115943562246e-07
98 51 -5.5768979710705e-03
101 51 -3.8598286039236e-07
102 51 -5.7885416051728e-03
47 52  2.9740907911285e-04
48 52  2.2180474061356e-01
51 52  3.4773598889788e-04
52 52  4.9846362351894e-01
97 52 -9.3229998686672e-12
98 52 -2.7654533483168e-07
101 52 -1.3187947340210e-12
102 52 -7.4424393128485e-08
3 53 -4.9379632639680e-02
4 53 -2.3954008262839e-03
7 53 -4.2288713482500e-03
8 53 -9.7332148717581e-05
53 53  8.9115726313043e-01
54 53  4.1836217384068e-02
57 53  8.2513805184270e-01
58 53  1.2659063781520e-02
3 54 -1.2069808165914e+00
4 54 -5.5740591964771e-02
7 54 -7.6566119066561e-01
8 54 -1.0756688142567e-02
53 54  4.1048207633380e-02
54 54  1.1802083032312e+00
57 54  1.1632425178671e-02
58 54  6.9912486556183e-01
1 55 -5.0819008279645e-02
2 55 -1.2486752687866e+00
5 55 -1.7437222337798e-02
6 55 -7.7164187855958e-01
55 55  1.1091747728233e+00
56 55  1.8609865579996e-02
59 55  6.8203357677892e-01
60 55  4.0052628144302e-03
1 56  2.3954008262839e-03
2 56  6.2339757243674e-02
5 56  9.7332148717581e-05
6 56  6.9773886008447e-03
55 56 -2.3916251308011e-02
56 56  8.7149687644326e-01
59 56 -2.5018915935752e-03
60 56  8.1552106647852e-01
7 57 -2.1144356741250e-03
8 57 -4.8666074358790e-05
11 57 -2.5090535689726e-04
12 57 -2.7869249747935e-06
53 57  2.1563633124054e-01
54 57  5.9035338518046e-03
57 57  7.9788624808380e-01
58 57  7.9218412384651e-03
61 57  5.9228687952133e-01
62 57  1.4454097766870e-03
7 58 -2.2142656797916e-01
8 58 -3.4595440705000e-03
11 58 -2.3261973686991e-01
12 58  1.2499002580344e-04
53 58  5.2785973855092e-03
54 58  1.9997214468163e-01
57 58  7.7276524575918e-03
58 58  7.5885882119194e-01
61 58  1.4201604287934e-03
62 58  5.4796047067921e-01
5 59 -3.2640999400130e-03
6 59 -2.2349407773108e-01
9 59 -8.2040259988931e-04
10 59 -2.3356623437381e-01
55 59  1.9762297711174e-01
56 59  2.3003513933116e-03
59 59  7.4738123469317e-01
60 59 -1.0734242862293e-03
63 59  5.4209518428962e-01
64 59 -3.8775499719249e-03
5 60  4.8666074358790e-05
6 60  3.4886943004223e-03
9 60  2.7869249747935e-06
10 60  1.1203327121288e-03
55 60 -2.0203252980682e-03
56 60  2.1564795610463e-01
59 60  1.9706446660632e-03
60 60  7.9344463809042e-01
63 60  4.6855284720622e-03
64 60  5.9132497778113e-01
11 61 -1.5681584806079e-04
12 61 -1.7418281092460e-06
15 61 -6.2988845394191e-05
16 61 -1.1791705490587e-07
57 61  2.4082326385153e-01
58 61  9.9519334231568e-04
61 61  7.2329959515735e-01
62 61  1.3512135779911e-03
65 61  4.8415624502602e-01
66 61  8.4326395340316e-04
11 62 -1.0319269865769e-01
12 62 -3.2239403974628e-04
15 62 -1.0930019782013e-01
16 62  9.7718621284642e-04
57 62  9.6408267957991e-04
58 62  2.2619235741540e-01
61 62  1.3494419271259e-03
62 62  6.9371663257791e-01
65 62  8.3181838098165e-04
66 62  4.6447357010600e-01
9 63 -2.5782432580916e-04
10 63 -1.0365557631167e-01
13 63 -1.4095877079529e-04
14 63 -1.0975520522437e-01
59 63  2.2464626205557e-01
60 63 -1.6338242095298e-03
63 63  6.8752340880083e-01
64 63 -8.2562647526525e-03
67 63  4.6146004836362e-01
68 63 -6.8190431563925e-03
9 64  1.7418281092460e-06
10 64  7.0020794508051e-04
13 64  1.1791705490587e-07
14 64  9.1788134443043e-05
59 64  2.0134940392818e-03
60 64  2.4105256553197e-01
63 64  8.8983895694871e-03
64 64  7.2301208040784e-01
67 64  7.1592670215000e-03
68 64  4.8503790099165e-01
15 65 -4.4092191775934e-05
16 65 -8.2541938434106e-08
19 65 -6.0421029818144e-05
20 65  2.4643921005855e-07
61 65  2.4718420681956e-01
62 65  3.1348272729318e-04
65 65  6.6384024940923e-01
66 65  1.4389498206425e-03
69 65  4.1578361660971e-01
70 65  1.1051438214697e-03
15 66 -5.9074642595314e-02
16 66  3.2207506010378e-04
19 66 -6.1297280553295e-02
20 66  8.2032549668758e-04
61 66  3.1525681441799e-04
62 66  2.3803638825745e-01
65 66  1.4343096521785e-03
66 66  6.4640641504390e-01
69 66  1.1005563625407e-03
70 66  4.0580389615047e-01
13 67 -8.8304502733934e-05
14 67 -5.9241892211086e-02
17 67 -1.4878158829265e-04
18 67 -6.1517487044281e-02
63 67  2.3629735701619e-01
64 67 -3.9786207880590e-03
67 67  6.4223822588284e-01
68 67 -1.1420438208789e-02
71 67  4.0376286000979e-01
72 67 -7.1604293732830e-03
13 68  8.2541938434106e-08
14 68  6.4251694110130e-05
17 68 -2.4643921005855e-07
18 68 -1.1424460972866e-04
63 68  4.1789539921138e-03
64 68  2.4740377850625e-01
67 68  1.1722541516390e-02
68 68  6.6497640881594e-01
71 68  7.2919081616607e-03
72 68  4.1694891611331e-01
19 69 -4.5315772363608e-05
20 69  1.8482940754391e-07
23 69 -4.8282983401335e-05
24 69  3.3519849160351e-07
65 69  2.4369815841826e-01
66 69  6.3649878994521e-04
69 69  6.1238504010410e-01
70 69  1.7992634273824e-03
73 69  3.6892655662675e-01
74 69  1.1259198273185e-03
19 70 -3.7227396380360e-02
20 70  3.7746139706622e-04
23 70 -3.8176464480804e-02
24 70  5.4746553546575e-04
65 70  6.3731260846121e-04
66 70  2.3806480263209e-01
69 70  1.7998998034503e-03
70 70  6.0172799412006e-01
73 70  1.1254586313074e-03
74 70  3.6311102330551e-01
17 71 -8.8998057806826e-05
18 71 -3.7311158350857e-02
21 71 -1.1524199065971e-04
22 71 -3.8294515382642e-02
67 71  2.3652625647540e-01
68 71 -4.9439376293593e-03
71 71  5.9852160865204e-01
72 71 -1.1464974945377e-02
75 71  3.6149972052864e-01
76 71 -6.1150173844445e-03
17 72 -1.8482940754391e-07
18 72 -8.5683457296497e-05
21 72 -3.3519849160351e-07
22 72 -1.2274667614734e-04
67 72  5.0332909510051e-03
68 72  2.4408740859134e-01
71 72  1.1587356103759e-02
72 72  6.1380422053090e-01
75 72  6.1621418949610e-03
76 72  3.6985550427837e-01
23 73 -3.7936629815335e-05
24 73  2.6337024340275e-07
27 73 -3.1077196316875e-05
28 73  2.3428793725008e-07
69 73  2.3614432886535e-01
70 73  7.6246151243443e-04
73 73  5.7138480224610e-01
74 73  1.7003620565899e-03
77 73  3.3693274479900e-01
78 73  9.2669319963514e-04
23 74 -2.5122626471070e-02
24 74  2.8683473979592e-04
27 74 -2.5724456075630e-02
28 74  3.3028081112193e-04
69 74  7.6447179681981e-04
70 74  2.3237256032516e-01
73 74  1.7033719675254e-03
74 74  5.6412170212703e-01
77 74  9.2710798151168e-04
78 74  3.3300305495744e-01
21 75 -7.2482181176001e-05
22 75 -2.5173421374815e-02
25 75 -7.1095792873315e-05
26 75 -2.5791818117306e-02
71 75  2.3105758173377e-01
72 75 -4.7712007049151e-03
75 75  5.6150476746588e-01
76 75 -9.6586902706791e-03
79 75  3.3168366656529e-01
80 75 -4.6298750136842e-03
21 76 -2.6337024340275e-07
22 76 -9.6443816972910e-05
25 76 -2.3428793725008e-07
26 76 -9.0789031059587e-05
71 76  4.8073339148320e-03
72 76  2.3657270485036e-01
75 76  9.7035697296265e-03
76 76  5.7254655192102e-01
79 76  4.6461304909819e-03
80 76  3.3752377086180e-01
27 77 -2.5250222007461e-05
28 77  1.9035894901569e-07
31 77 -1.7321753563176e-05
32 77  1.1620005318369e-07
73 77  2.2873007326413e-01
74 77  6.6276499550363e-04
77 77  5.4181612639497e-01
78 77  1.3299689113044e-03
81 77  3.1557381422290e-01
82 77  6.6071969986411e-04
27 78 -1.7972710810818e-02
28 78  1.8783726419980e-04
31 78 -1.8472346277019e-02
32 78  1.8610947972416e-04
73 78  6.6472995858970e-04
74 78  2.2589931207198e-01
77 78  1.3322539707703e-03
78 78  5.3626874892887e-01
81 78  6.6088352844631e-04
82 78  3.1255786998093e-01
25 79 -4.7908185716345e-05
26 79 -1.8005628926865e-02
29 79 -3.8481074675637e-05
30 79 -1.8511866919634e-02
75 79  2.2480239860680e-01
76 79 -3.9364534888231e-03
79 79  5.3413282483647e-01
80 79 -7.2291167910366e-03
83 79  3.1147878421824e-01
84 79 -3.2194282243224e-03
25 80 -1.9035894901569e-07
26 80 -7.3766087735915e-05
29 80 -1.1620005318369e-07
30 80 -5.8508944430927e-05
75 80  3.9502830348777e-03
76 80  2.2908096132955e-01
79 80  7.2449786462002e-03
80 80  5.4257742439749e-01
83 80  3.2251996529329e-03
84 80  3.1586013137394e-01
31 81 -1.4434794635980e-05
32 81  9.6833377653075e-08
35 81 -8.7135420788368e-06
36 81  4.5283268715262e-08
77 81  2.2338189270482e-01
78 81  4.8085890550070e-04
81 81  5.2233115271171e-01
82 81  9.1881296884401e-04
85 81  3.0157449445039e-01
86 81  4.2320739815017e-04
31 82 -1.3517421517712e-02
32 82  1.1313734478845e-04
35 82 -1.3961172356472e-02
36 82  9.8846155412145e-05
77 82  4.8203225434178e-04
78 82  2.2106403714570e-01
81 82  9.1978389585806e-04
82 82  5.1772760989378e-01
85 82  4.2311290198966e-04
86 82  2.9905662118312e-01
29 83 -2.7592887704363e-05
30 83 -1.3539246175216e-02
33 83 -1.9188560503449e-05
34 83 -1.3984477034655e-02
79 83  2.2017783284663e-01
80 83 -2.8862599946953e-03
83 83  5.1601760578383e-01
84 83 -4.9401631081471e-03
87 83  2.9819624850826e-01
88 83 -2.0862488099784e-03
29 84 -9.6833377653075e-08
30 84 -4.8757453692439e-05
33 84 -4.5283268715262e-08
34 84 -3.4482993286893e-05
79 84  2.8916646852312e-03
80 84  2.2361613381023e-01
83 84  4.9460051701689e-03
84 84  5.2271551053243e-01
87 84  2.0884602468550e-03
88 84  3.0163822527894e-01
35 85 -7.4065107670113e-06
36 85  3.8490778407972e-08
39 85 -4.0443822621934e-06
40 85  1.4490229727152e-08
81 85  2.2045002806373e-01
82 85  3.1298123611367e-04
85 85  5.1051430349472e-01
86 85  5.7862492568450e-04
89 85  2.9243525093618e-01
90 85  2.4752351906563e-04
35 86 -1.0594551751951e-02
36 86  6.3850692733462e-05
39 86 -1.0983791844666e-02
40 86  4.9523178229944e-05
81 86  3.1345002615361e-04
82 86  2.1845977436343e-01
85 86  5.7878967109986e-04
86 86  5.0651141737701e-01
89 86  2.4736447534709e-04
90 86  2.9024293542536e-01
33 87 -1.4397606399009e-05
34 87 -1.0608937245200e-02
37 87 -9.0165346019835e-06
38 87 -1.0997346317862e-02
83 87  2.1777087478916e-01
84 87 -1.9173283247620e-03
87 87  5.0518829979194e-01
88 87 -3.1242469169775e-03
91 87  2.8959015873926e-01
92 87 -1.2645178874969e-03
33 88 -3.8490778407972e-08
34 88 -2.9310544293859e-05
37 88 -1.4490229727152e-08
38 88 -1.8797111503541e-05
83 88  1.9195879738161e-03
84 88  2.2057392422936e-01
87 88  3.1265423179126e-03
88 88  5.1061539711985e-01
91 88  1.2654139413583e-03
92 88  2.9237040205110e-01
39 89 -3.4928755900762e-06
40 89  1.2514289309813e-08
43 89 -1.7565198168526e-06
44 89  3.9003855075338e-09
85 89  2.1951562186481e-01
86 89  1.8904882308547e-04
89 89  5.0390843681736e-01
90 89  3.3622340611715e-04
93 89  2.8636912080999e-01
94 89  1.3329940276302e-04
39 90 -8.5791561734738e-03
40 90  3.3849847679459e-05
43 90 -8.9116615554522e-03
44 90  2.3351283152163e-05
85 90  1.8914117269707e-04
86 90  2.1777026056668e-01
89 90  3.3610626661294e-04
90 90  5.0035646644566e-01
93 90  1.3317863750354e-04
94 90  2.8443283300010e-01
37 91 -6.9372372394159e-06
38 91 -8.5883275937105e-03
41 91 -4.0286763036030e-06
42 91 -8.9192977958705e-03
87 91  2.1725932458235e-01
88 91 -1.1661106180121e-03
91 91  4.9938391283778e-01
92 91 -1.8387543126029e-03
95 91  2.8397107034478e-01
96 91 -7.1558201755561e-04
37 92 -1.2514289309813e-08
38 92 -1.6233869025785e-05
41 92 -3.9003855075338e-09
42 92 -9.4890262002470e-06
87 92  1.1670759569832e-03
88 92  2.1955614577374e-01
91 92  1.8396616470708e-03
92 92  5.0384148338351e-01
95 92  7.1594354312881e-04
96 92  2.8625639154259e-01
43 93 -1.5369548397460e-06
44 93  3.4128373190921e-09
47 93 -7.2210253470301e-07
48 93  8.9942739395636e-10
89 93  2.1993188008728e-01
90 93  1.0714645742223e-04
93 93  5.0052251699878e-01
94 93  1.8105219079574e-04
97 93  2.8218588912453e-01
98 93  6.6590786085472e-05
43 94 -7.1240989403754e-03
44 94  1.6805701995223e-05
47 94 -7.4020539510014e-03
48 94  1.0338280821728e-05
89 94  1.0710918878025e-04
90 94  2.1838855115274e-01
93 94  1.8091476009156e-04
94 94  4.9735410339383e-01
97 94  6.6523270905108e-05
98 94  2.8047436076170e-01
41 95 -3.1201005386313e-06
42 95 -7.1296261722578e-03
45 95 -1.7167960797953e-06
46 95 -7.4061523175684e-03
91 95  2.1803096311159e-01
92 95 -6.5306894698903e-04
95 95  4.9668610167300e-01
96 95 -1.0084364872004e-03
99 95  2.8017376180385e-01
100 95 -3.7691118831654e-04
41 96 -3.4128373190921e-09
42 96 -8.3028979252162e-06
45 96 -8.9942739395636e-10
46 96 -4.4350675534135e-06
91 96  6.5345363322868e-04
92 96  2.1992230095605e-01
95 96  1.0087695350860e-03
96 96  5.0038982560882e-01
99 96  3.7704936519463e-04
100 96  2.8207776795420e-01
47 97 -6.3878301146805e-07
48 97  7.9564731003832e-10
51 97 -2.8413569494060e-07
52 97  1.8093051392093e-10
93 97  2.2110920517965e-01
94 97  5.6982688757548e-05
97 97  4.9896246164243e-01
98 97  9.0711839246600e-05
101 97  2.7914210781618e-01
102 97  3.1150092598953e-05
47 98 -6.0307379226078e-03
48 98  7.7878429893086e-06
51 98 -6.2600863342339e-03
52 98  4.2966527666268e-06
93 98  5.6931065770943e-05
94 98  2.1974059837997e-01
97 98  9.0624634370505e-05
98 98  4.9614031133266e-01
101 98  3.1118746652676e-05
102 98  2.7763400814803e-01
45 99 -1.3214692831218e-06
46 99 -6.0338396829043e-03
49 99 -6.9920018788024e-07
50 99 -6.2621566937566e-03
95 99  2.1950715853356e-01
96 99 -3.3807325676873e-04
99 99  4.9571647147744e-01
100 99 -5.1541175640312e-04
103 99  2.7745485192646e-01
104 99 -1.8458758132987e-04
45 100 -7.9564731003832e-10
46 100 -3.9233289895581e-06
49 100 -1.8093051392093e-10
50 100 -1.9226824805743e-06
95 100  3.3820521159655e-04
96 100  2.2107908112340e-01
99 100  5.1551821487064e-04
100 100  4.9883190665148e-01
103 100  1.8463643898068e-04
104 100  2.7906149606464e-01
51 101 -2.5369258476839e-07
52 101  1.6154510171511e-10
97 101  2.2262185964420e-01
98 101  2.8396969108714e-05
101 101  2.4923402483588e-01
102 101  2.7812582677637e-05
51 102 -5.1817425155538e-03
52 102  3.3662189518443e-06
97 102  2.8363024390821e-05
98 102  2.2140717939793e-01
101 102  2.7791103108370e-05
102 102  2.4796916410438e-01
49 103 -5.3208558151535e-07
50 103 -5.1833524399098e-03
99 103  2.2126620916555e-01
100 103 -1.6244167038031e-04
103 103  2.4780916858431e-01
104 103 -1.6484674443996e-04
49 104 -1.6154510171511e-10
50 104 -1.7166807862270e-06
99 104  1.6247727291072e-04
100 104  2.2259069059038e-01
103 104  1.6485396337561e-04
104 104  2.4916205005771e-01